============================================================
FILE: A1_プロジェクト管理システム\010_要件定義\040_画面設計\画面一覧_A1_プロジェクト管理システム.xlsx
DRAWING: drawing1.xml
============================================================
15
381000
1
114300
18
266700
4
114300
関係者外秘
PJ関係者限り
3
76200
8
142875
16
76200
19
152400
サンプルプロジェクト
画面一覧
プロジェクト管理システム

============================================================
FILE: A1_プロジェクト管理システム\010_要件定義\040_画面設計\画面遷移図_プロジェクト管理システム.xlsx
DRAWING: drawing1.xml
============================================================
15
381000
1
114300
18
266700
4
114300
関係者外秘
PJ関係者限り
3
76200
8
142875
16
76200
19
152400
サンプルプロジェクト
画面遷移図
プロジェクト管理システム

============================================================
FILE: A1_プロジェクト管理システム\010_要件定義\040_画面設計\画面遷移図_プロジェクト管理システム.xlsx
DRAWING: drawing2.xml
============================================================
3
76200
6
133350
12
76200
17
19050
4
85725
5
95250
9
190500
7
19050
WA10101/
ログイン
4
228600
9
76200
8
228600
13
76200
ログイン【
WA1010101
】
16
0
36
0
33
200025
51
0
AAA
【BBB】
【凡例】
CCC
表示画面
(メインウィンドウ)を表す。
AAA：画面名称
BBB：画面ID
画面遷移を表す。
CCC：ボタン/リンク名
トップ画面を表す。
DDD
/
EEE
画面設計書の
記載範囲。
DDD
：画面設計書ID
EEE
：画面設計書名
AAA
【BBB】
表示画面(サブウィンドウ)を表す。
AAA：画面名称
BBB：画面ID
16
76200
6
133350
25
76200
17
19050
17
85725
5
95250
22
190500
7
19050
WA10103/TOP
メニュー
8
228600
11
76200
17
206620
11
76200
6
227136
9
65944
8
222739
10
138480
9
43962
7
109903
11
263769
9
51289
認証失敗
12
101112
10
14653
15
44694
11
98914
認証成功
16
76200
23
133350
25
76200
34
19050
17
85725
22
95250
22
190500
24
19050
WA10104/
汎用エラー
16
159091
18
56067
19
102672
19
140328
ログアウト
3
76200
23
133350
12
76200
34
19050
4
85725
22
95250
9
190500
24
19050
WA10102/
ログアウト
8
53837
13
76200
19
206620
26
82826
21
206620
11
76201
21
219320
28
84484
7
182217
26
82826
8
198783
28
8282
4
206620
26
84484
8
206620
30
84483
ログアウト【
WA1010201
】
4
206619
13
76201
6
228599
28
84485
2
240197
18
75945
6
190500
20
19402
ログイン画面へ
22
59700
10
22937
25
3282
11
107198
エラー発生
21
57957
13
74542
21
57957
26
82826
20
190478
11
115956
21
198761
13
74542
20
190478
26
82826
21
198761
28
41412
17
206620
9
76200
21
206620
13
76200
TOP
メニュー【
WA1010301
】
17
206620
26
84484
21
206620
30
84483
汎用エラー【
WA1010401
】
20
1720
24
122328
22
218628
26
65785
戻る

============================================================
FILE: A1_プロジェクト管理システム\010_要件定義\040_画面設計\画面遷移図_プロジェクト管理システム.xlsx
DRAWING: drawing3.xml
============================================================
7
123825
64
28575
8
123825
65
76200
16
66675
96
28575
33
266700
111
28575
AAA
【BBB】
【凡例】
CCC
表示画面
(メインウィンドウ)を表す。
AAA：画面名称
BBB：画面ID
画面遷移を表す。
CCC：ボタン/リンク名
トップ画面を表す。
DDD
/
EEE
画面設計書の
記載範囲。
DDD
：画面設計書ID
EEE
：画面設計書名
AAA
【BBB】
表示画面(サブウィンドウ)を表す。
AAA：画面名称
BBB：画面ID
6
220894
5
95250
13
172832
7
52478
WA10201/
プロジェクト登録
10
47625
12
38100
11
61292
13
102290
5
207776
7
28856
32
152400
21
132522
7
88051
9
108070
11
87805
13
107069
プロジェクト登録
【
WA1020101
】
11
87805
11
107569
15
227087
11
107569
9
86438
9
98003
11
81839
11
30497
11
178078
8
3199
16
82440
9
83619
入力チェック失敗
11
259013
10
47411
16
256956
11
129862
入力チェック
OK
1
52907
11
50007
1
172727
12
23744
1
172727
11
107117
7
88051
11
107568
15
227087
9
108070
20
151326
13
107069
プロジェクト登録確認
【
WA1020102
】
20
151326
11
107569
25
226474
11
107569
21
258400
10
47411
26
256341
11
129862
登録成功
25
226474
9
108070
30
150712
13
107069
プロジェクト登録完了
【
WA1020103
】
11
84010
12
116668
15
192100
12
116668
12
142609
12
145593
17
140551
14
82368
登録失敗
/
戻る
1
182065
10
47411
6
180007
11
129862
プロジェクト登録
10
194514
13
100158
28
47980
13
107069
23
219496
13
130799
28
217438
15
72769
完了
8
29141
16
118151
12
28895
20
117150
顧客選択
【
WA1020401
】
9
82899
13
107069
9
87928
16
90292
9
229614
13
107069
9
234643
16
90292
10
47625
29
38100
11
61292
30
102290
5
180147
23
130452
23
66675
34
14081
6
218245
22
95250
13
171449
24
52181
WA10202/
プロジェクト検索
7
87795
26
109331
11
87796
30
109331
プロジェクト検索
【
WA1020201
】
9
86332
26
99075
11
81935
28
30807
11
176484
25
2229
17
180975
26
114300
検索・入力チェック失敗
1
52907
28
50685
1
170623
29
24181
1
170623
28
108871
7
87795
28
109331
1
179797
27
47784
6
178077
28
132045
プロジェクト検索
11
87796
28
109331
16
158197
28
109331
11
255997
27
19209
16
254277
28
103470
プロジェクト名リンク
16
158197
26
80756
21
84068
30
80756
プロジェクト詳細【
WA1020202
】
11
84068
29
85725
16
161925
29
85725
12
141697
29
114459
17
139977
31
55845
戻る
1
117903
44
18996
7
70219
44
18997
1
105834
30
80755
18
261496
36
105833
1
112478
36
103488
1
112478
44
22413
2
263338
42
84044
5
134470
44
19412
更新
5
193366
39
81738
32
135467
54
123265
6
203040
38
4234
13
155255
39
107823
WA10203/
プロジェクト更新
7
70219
42
18695
11
70135
46
19298
プロジェクト更新
【
WA1020301
】
11
70135
44
18996
15
209599
44
18996
9
68686
42
8601
11
64168
43
87388
11
160421
40
58810
16
64972
41
139854
入力チェック失敗
11
241368
42
103948
16
239514
44
41352
入力チェック
OK
15
209599
42
18695
20
134030
46
19298
プロジェクト更新確認
【
WA1020302
】
20
134030
44
18996
25
209392
44
18996
21
241161
42
103948
26
239305
44
41352
更新成功
25
209392
42
18695
30
133822
46
19298
プロジェクト更新完了
【
WA1020303
】
11
66340
45
28521
15
174608
45
28521
12
124987
45
57526
17
123132
46
140607
更新
失敗
/
戻る
8
29141
49
39710
12
28895
53
38709
顧客選択
【
WA1020401
】
9
82899
46
28628
9
87928
49
11851
9
229614
46
28628
9
234643
49
11851
6
244187
57
114300
13
196125
59
71528
WA10205/
ユーザ別従事プロジェクト
10
70918
64
57150
11
84585
65
121340
5
231069
59
47906
32
175693
74
8697
7
111344
61
127120
11
111098
65
126119
ユーザ別従事プロジェクト
【
WA1020501
】
11
111098
63
126619
15
250380
63
126619
12
6081
62
66461
17
4024
64
6037
業務エラーなし
1
76200
63
69057
1
196020
64
42794
1
196020
63
126167
7
111344
63
126618
15
250380
61
127120
20
174619
65
126119
ユーザ別従事プロジェクト
確認
【
WA1020502
】
20
174619
63
126619
25
249767
63
126619
22
5468
62
66461
27
3409
64
6037
要求成功
25
249767
61
127120
30
174005
65
126119
ユーザ別従事プロジェクト
完了
【
WA1020503
】
11
107303
64
135718
15
215393
64
135718
12
165902
65
21768
17
163844
66
101418
要求
失敗
/
戻る
1
205358
62
66461
7
95250
64
0
ユーザ別従事プロジェクト
7
123825
64
123825
9
111221
65
126119
6
106121
68
12724
11
10483
69
93144
ダウンロード
9
132560
61
96567
11
128042
63
32479
11
251189
59
141173
16
155740
61
79342
業務エラー発生
7
123825
83
28575
8
123825
84
76200
6
244187
76
114300
13
196125
78
71528
WA10206/
プロジェクトアップロード
10
70918
83
57150
11
84585
84
121340
5
231069
78
47906
32
175693
93
8697
7
111344
80
127120
11
111098
84
126119
プロジェクトアップロード
【
WA1020601
】
11
111098
82
126619
15
250380
82
126619
12
6081
81
66461
17
4024
83
6037
入力チェック
OK
1
76200
82
69057
1
196020
83
42794
1
196020
82
126167
7
111344
82
126618
15
250380
80
127120
20
174619
84
126119
プロジェクトアップロード
確認
【
WA1020602
】
20
174619
82
126619
25
249767
82
126619
22
5468
81
66461
27
3409
83
6037
要求成功
25
249767
80
127120
30
174005
84
126119
プロジェクトアップロード
完了
【
WA1020603
】
11
107303
83
135718
15
215393
83
135718
12
165902
84
21768
17
163844
85
101418
要求
失敗
/
戻る
1
205358
81
66461
7
95250
83
0
プロジェクトアップロード
9
132560
80
96567
11
128042
82
32479
11
251189
78
141173
16
155740
80
79342
入力チェック失敗

============================================================
FILE: A1_プロジェクト管理システム\020_方式設計\020_開発標準\010_設計標準\UI標準(画面).xlsx
DRAWING: drawing1.xml
============================================================
15
381000
1
114300
18
266700
4
114300
関係者外秘
PJ関係者限り
3
76200
8
142875
16
76200
19
152400
サンプルプロジェクト
UI
標準
(
画面
)

============================================================
FILE: A1_プロジェクト管理システム\020_方式設計\020_開発標準\010_設計標準\UI標準(画面).xlsx
DRAWING: drawing2.xml
============================================================
10
193260
322
0
5
9524
40
104775
24
228300
50
133350
詳細画面
検索結果一覧画面
検索条件入力画面
検索
詳細
戻る
<-
->
ページ切替
[<-][->]
詳細
検索
戻る
戻る
戻る
5
9537
207
28576
15
248820
213
68550
メインメニュー
画面
ログイン画面
ログイン
ログイン
ログアウト
ログアウト
5
9525
79
142874
21
94874
85
135224
登録確認画面
登録データ
入力画面
戻る
確認
登録
登録完了画面
登録
戻る
確認
5
57150
258
28575
16
228600
266
97124
入力画面
変更
入力画面
変更
変更
(
エラー発生、
同画面に戻る
)
(
エラー表示
)
(
再入力
)
5
9519
275
62355
15
260252
282
78074
共通エラー画面
画面
変更
(
エラー発生
)
変更
4
257175
229
45749
23
172050
235
74325
入力補助
データ入力画面
入力補助
入力補助画面
選択
閉じる
データ入力画面
入力補助
選択
閉じる
4
29236
26
114294
11
114299
35
47621
XXX
画面
XXX
画面
画面名
サブウインドウ
画面遷移
4
275544
162
16332
28
224843
170
104775
検索結果一覧
変更
/
削除画面
検索条件入力画面
検索
一括変更
/
一括削除完了画面
一括更新確認画面
戻る
更新
一括
変更
確認
/
一括削除確認
検索
戻る
更新
ページ切替
[<-][->]
<-
->
戻る
一括変更確認
/
一括
削除
確認
5
9525
109
47672
33
47326
127
114569
検索結果一覧画面
検索条件入力画面
検索
変更
/
削除
完了画面
更新確認画面
変更
/
削除
データ入力画面
戻る
更新
変更確認
/
削除確認
変更
/
削除
戻る
検索
戻る
更新
変更確認
/
削除確認
変更
ページ切替
[<-][->]
<-
->
戻る
戻る
戻る
詳細画面
詳細
戻る
メインメニュー画面
次へ

============================================================
FILE: A1_プロジェクト管理システム\020_方式設計\020_開発標準\010_設計標準\UI標準(画面).xlsx
DRAWING: drawing3.xml
============================================================
3
263767
79
80597
34
87028
117
23445
11
190499
16
19051
14
114224
17
77776
11
190499
34
28574
14
114224
35
87299
11
190499
19
9524
14
114224
20
68249
11
190499
43
47624
14
114224
44
106349
11
190499
46
28575
14
114224
47
87300
11
190499
49
9525
14
114224
50
68250
17
237288
139
55821
24
49357
143
25597
(
画面全体
)
12
グリッド
17
265850
144
2188
24
2200
153
97159
17
262214
144
1377
24
104641
153
96345
17
166679
148
11744
20
81395
150
38331
2
グリッド
19
271097
151
39400
24
1903
151
39400
20
190823
149
73404
23
101429
151
37019
10
グリッド
18
103135
152
110481
19
1749
153
138419
5
20
33721
147
76407
20
205661
148
104346
4
18
61731
147
34640
18
233671
148
62579
2
18
103144
144
25952
19
1758
145
53891
1
3
223629
79
33957
34
95249
81
142874
19
51585
82
9601
19
256222
83
7964
2
62752
79
8405
3
100852
81
27456
1
17
253212
150
72888
20
14405
150
81050
11
190499
31
9524
14
114224
32
68249
11
180975
22
19050
14
104700
23
77775
11
180975
25
28575
14
104700
26
87300
11
180975
28
19050
14
104700
29
77775
2
113887
82
35202
3
133446
84
49064
2
9
29307
82
130864
34
65942
85
0
4
8284
82
66676
8
241789
94
104776
10
229842
81
46383
11
249401
83
62316
3
9
29306
85
58807
34
77796
115
51289
33
183460
85
69575
34
203019
87
85508
4
3
198276
115
121338
34
76933
117
100217
2
198783
117
50524
3
218342
119
66456
5
20
33721
145
117820
20
205661
147
4954
3
19
271097
147
14552
24
1903
147
14552
20
223953
145
106534
23
134559
147
70149
10
グリッド

============================================================
FILE: A1_プロジェクト管理システム\020_方式設計\020_開発標準\010_設計標準\UI標準(画面).xlsx
DRAWING: drawing4.xml
============================================================
4
180975
268
104775
16
190085
275
0
プレースホルダ
注記
4
139806
119
76201
11
247650
128
114301
業務
機能
領域
18
202660
245
105383
19
12161
247
124352
4
85725
248
66675
16
180549
251
95193
4
114300
243
66675
16
180553
246
95193
3
142874
132
9577
16
123825
137
5293
リスク
(
低
)
リスク
(
高
)
4
57150
143
120757
10
88630
147
133350
2
グリッド
38px
4
28574
50
9525
10
273844
58
134854

============================================================
FILE: A1_プロジェクト管理システム\020_方式設計\020_開発標準\010_設計標準\UI標準(画面)別冊_UI部品カタログ.xlsx
DRAWING: drawing1.xml
============================================================
15
381000
1
114300
18
266700
4
114300
関係者外秘
PJ関係者限り
3
76200
8
142875
16
76200
19
152400
サンプルプロジェクト
UI
標準
(
画面
)
別冊
UI
部品カタログ

============================================================
FILE: A1_プロジェクト管理システム\020_方式設計\020_開発標準\010_設計標準\UI標準(画面)別冊_UI部品カタログ.xlsx
DRAWING: drawing10.xml
============================================================
7
228600
84
133350
24
86360
90
101
7
190500
93
28575
23
267327
108
295
7
85725
22
38100
23
248289
27
57252
7
85725
30
19050
23
219710
43
124099
15
158118
22
133350
19
86496
24
5722
16
249191
21
43439
21
200025
22
133350
プルダウンメニュー
7
59060
24
5722
23
257175
27
47625
8
148597
28
17149
9
68841
29
76200
9
93348
28
30482
15
219075
29
104774
プルダウンメニューをクリック
5
9528
21
3
28
247650
53
38101
9
146688
44
135258
15
135259
46
1906
「
保守ＰＪ
」を選択
8
148597
44
140974
9
68841
46
57150
6
0
83
142874
31
238125
109
57150
12
59051
90
99383
19
219075
92
18939
プルダウンメニューをクリック
24
0
92
105303
25
78101
94
15613
7
142878
93
22423
24
0
95
8802
25
78101
92
4661
30
190500
93
63070
「未選択」を表す候補
10
247650
90
99368
11
167894
92
26974
4
104775
62
66675
20
267339
67
57248
7
85725
46
133350
23
219710
52
9627
4
95250
62
47625
21
85725
68
9525

============================================================
FILE: A1_プロジェクト管理システム\020_方式設計\020_開発標準\010_設計標準\UI標準(画面)別冊_UI部品カタログ.xlsx
DRAWING: drawing11.xml
============================================================
3
248478
23
16565
32
248478
38
128066
3
168453
29
23571
32
157369
31
140804
3
149087
32
28918
32
164230
39
0
22
165651
23
74760
32
140804
25
124239
9
165652
24
0
10
106922
29
24848
9
0
22
111132
11
213843
24
0
(a)
一覧
表示
10
106922
24
0
11
75295
32
0
26
256762
20
115956
32
253347
22
4825
(b)
ページのコントロール部品
27
153228
22
4825
29
255054
23
74760
5
249616
60
93430
24
271728
65
54951
5
0
55
102578
7
163203
58
14959
最初
8
38391
55
102578
10
201595
58
14959
前へ
13
186815
55
102578
17
157999
58
14959
ページ番号
20
105553
55
102578
22
268757
58
14959
次へ
23
124744
55
102578
26
9525
58
14959
最後
5
240016
60
122764
7
240009
64
103714
8
9588
60
122764
9
38388
64
103714
9
86390
60
122764
21
47945
64
103714
21
99641
60
122764
22
183828
64
103714
22
228876
60
122764
24
152066
64
103714
6
265123
58
14957
6
265123
60
100952
8
203819
58
14957
8
203819
60
100952
15
163914
58
14957
15
163914
60
100952
22
28740
58
14957
22
28740
60
100952
23
223704
58
14957
23
223704
60
100952
3
47625
20
47625
33
180975
39
133350
4
152400
54
142874
25
219075
66
9525

============================================================
FILE: A1_プロジェクト管理システム\020_方式設計\020_開発標準\010_設計標準\UI標準(画面)別冊_UI部品カタログ.xlsx
DRAWING: drawing12.xml
============================================================
4
257175
24
123826
24
133350
35
57639
3
66675
21
114300
29
171450
37
85725
4
28575
24
0
25
38100
37
0
25
38100
23
48462
26
229155
30
71438
26
229155
22
104775
29
95250
23
135024
ダイアログ

============================================================
FILE: A1_プロジェクト管理システム\020_方式設計\020_開発標準\010_設計標準\UI標準(画面)別冊_UI部品カタログ.xlsx
DRAWING: drawing13.xml
============================================================
4
1
21
9525
10
0
27
0
ボタン
5
125291
43
29309
8
205154
43
395655
検索
5
125291
44
29308
8
205154
44
395654
登録
5
125291
45
29308
8
205154
45
395654
更新
5
125291
46
29308
8
205154
46
395654
削除
5
125291
47
29307
8
205154
47
395653
確認
5
125291
49
29306
8
205154
49
395652
確定
5
125291
50
29305
8
205154
50
395651
戻る
5
125291
48
29306
8
205154
48
395652
次へ
5
125291
51
29305
8
205154
51
395651
ダウンロード
5
125291
52
29304
8
205154
52
395650
ログイン
5
125291
53
29307
8
205154
53
395653
閉じる
5
8060
23
36636
8
87923
25
109905
確認

============================================================
FILE: A1_プロジェクト管理システム\020_方式設計\020_開発標準\010_設計標準\UI標準(画面)別冊_UI部品カタログ.xlsx
DRAWING: drawing14.xml
============================================================
4
51125
25
31989
32
611
33
95651
4
97849
26
7989
7
198782
33
115956
6
11652
23
140218
7
52273
26
7989
6
49995
22
102872
8
54550
23
140218
リンク
4
9525
21
101600
32
24848
33
111125
5
0
42
0
8
75101
44
80596
戻る
4
104776
41
0
9
15875
45
7937
4
240724
41
95250
8
142875
44
119062
8
142875
41
121545
10
57932
43
35719
10
57932
41
31434
12
62487
42
68780
リンク

============================================================
FILE: A1_プロジェクト管理システム\020_方式設計\020_開発標準\010_設計標準\UI標準(画面)別冊_UI部品カタログ.xlsx
DRAWING: drawing2.xml
============================================================
3
1
20
3
12
0
30
1
3.X.X. [
部品名
]
(1)
概要
(2)
前提事項
(3)
機能
(4)
設計時の留意事項
(4-1)
制約事項
(4-2)
採用基準
(5)
備考

============================================================
FILE: A1_プロジェクト管理システム\020_方式設計\020_開発標準\010_設計標準\UI標準(画面)別冊_UI部品カタログ.xlsx
DRAWING: drawing3.xml
============================================================
26
171450
70
47625
31
276224
79
66675
【凡例】
分岐条件
処理の開始
分岐
選択部品
4
142875
44
104775
23
167120
80
4329
4
238906
45
84831
22
272981
79
460
選択候補数は
1
つ
選択候補の
項目数が多い
No
Yes
No
ラジオ
ボタン
チェック
ボックス
選択候補を
テキスト入力で
絞り込む
プルダウン
メニュー
コンボ
ボックス
Yes
Yes
No

============================================================
FILE: A1_プロジェクト管理システム\020_方式設計\020_開発標準\010_設計標準\UI標準(画面)別冊_UI部品カタログ.xlsx
DRAWING: drawing4.xml
============================================================
5
209550
23
133350
22
257175
29
38100
5
95250
21
66675
26
209550
30
9525
5
190500
25
133350
23
85725
28
133350
22
114300
22
57150
29
104775
25
66675
テキスト入力部
11
228600
22
104775
18
219075
25
114300
プレースホルダ
4
19051
38
95250
15
66676
44
66675
4
19051
53
38100
15
66676
59
9525
4
142875
39
0
14
209945
44
47731
4
142875
53
57150
14
209945
58
104881

============================================================
FILE: A1_プロジェクト管理システム\020_方式設計\020_開発標準\010_設計標準\UI標準(画面)別冊_UI部品カタログ.xlsx
DRAWING: drawing5.xml
============================================================
5
238125
23
123825
26
209550
31
76200
5
161925
21
66675
27
0
32
9525
22
180975
22
57150
29
171450
27
66675
テキスト入力部
12
19050
22
104775
19
9525
27
114300
プレースホルダ
6
0
25
114300
26
228600
30
133350
4
133350
42
0
25
76200
49
28575
4
161925
59
19050
25
47625
66
28575
4
66675
41
76200
30
85725
50
0
4
66675
58
28575
30
85725
66
95250

============================================================
FILE: A1_プロジェクト管理システム\020_方式設計\020_開発標準\010_設計標準\UI標準(画面)別冊_UI部品カタログ.xlsx
DRAWING: drawing6.xml
============================================================
5
161925
21
57150
19
162465
26
66776
4
142875
36
133350
18
152400
41
123825
4
114300
48
95250
18
133350
53
104775
4
104775
78
114300
18
228600
89
123825
4
9525
36
85725
19
209550
41
95250
4
19050
48
85725
19
219075
53
95250
4
19049
78
85725
19
247649
90
28575
4
209550
21
38100
20
133350
26
47625

============================================================
FILE: A1_プロジェクト管理システム\020_方式設計\020_開発標準\010_設計標準\UI標準(画面)別冊_UI部品カタログ.xlsx
DRAWING: drawing7.xml
============================================================
3
22412
28
112059
10
214332
47
125893
3
123266
21
67235
19
146867
26
15222
3
81242
23
26894
19
205068
25
122143
19
205068
23
81542
20
252381
24
74519
20
252381
22
137272
24
72526
24
25812
日付入力部
8
41031
29
102578
9
50556
31
133959
9
124557
29
102578
10
134082
31
128224
10
134082
30
115402
15
87
37
27889
9
50556
30
118269
15
87
37
27889
15
87
36
79351
18
102577
37
117231
月切り替え
3
114300
29
92445
7
190500
31
9525
5
152401
28
1148
10
110541
29
92445
10
110541
26
130578
13
210833
29
18255
年切り替え
3
87924
33
104042
10
95250
44
132522
8
101630
37
30212
9
106025
39
78441
8
69605
33
113523
9
109904
35
126711
9
106025
38
54326
15
5949
44
66373
9
109904
34
120117
14
241789
40
7760
15
5949
42
139211
20
241789
45
139211
現在選択中の日付
背景色ありで表示する。
14
241789
38
80597
20
197008
41
80597
今日の日付
枠線有で表示する。
2
238124
19
134472
27
85725
49
142875
5
166969
58
124384
22
43782
64
7386
5
138394
68
21852
14
91108
73
31478
5
145116
79
91889
14
97830
84
91990
4
24848
26
82826
5
26651
28
82826
5
10598
26
105684
11
133426
28
39171
クリック
8
228736
45
21929
10
27715
47
8282
3
192102
45
21929
5
87923
47
8282
10
27715
46
15106
15
31410
47
61070
15
31410
46
80597
19
87924
48
41544
今日の日付を選択
5
87923
46
15106
12
31410
49
39088
12
31410
48
58615
17
1
50
0
日付の選択を解除
5
115981
58
77881
23
11205
64
33618
5
115981
67
111498
23
11205
73
67236
5
115981
79
66675
23
11205
85
22412

============================================================
FILE: A1_プロジェクト管理システム\020_方式設計\020_開発標準\010_設計標準\UI標準(画面)別冊_UI部品カタログ.xlsx
DRAWING: drawing8.xml
============================================================
7
183174
33
120895
12
38274
35
50588
14
73271
33
97080
18
159162
35
74404
37
190611
24
65033
39
247651
25
123825
8
198819
32
34612
10
236044
33
71067
ON
の場合
15
8834
32
47769
17
46389
33
76136
OFF
の場合
8
15452
32
126109
8
198819
33
126111
14
176564
32
135222
15
8834
33
126111
7
0
32
5055
22
73269
36
124558
14
80141
33
126111
14
272987
35
31288
7
192314
33
126111
8
117013
35
31288
4
159726
46
106974
9
7497
48
116539
4
190501
22
130968
16
76200
28
123825
5
38100
23
57150
10
187
27
9598
8
17146
23
64294
11
200353
24
119744
チェックボックス
5
142875
24
20582
8
17146
25
57150
10
101203
26
42863
11
250031
26
88928
4
266700
25
57150
6
19050
27
28576
6
64294
25
57150
10
101203
27
28576
11
250031
25
130969
14
33226
27
46886
ラベル
4
102577
45
139211
18
36635
49
7327

============================================================
FILE: A1_プロジェクト管理システム\020_方式設計\020_開発標準\010_設計標準\UI標準(画面)別冊_UI部品カタログ.xlsx
DRAWING: drawing9.xml
============================================================
10
58464
33
34987
12
153804
35
35028
6
244695
32
131051
9
111441
35
83480
5
161925
22
28575
18
152900
26
123918
5
233643
22
132530
8
15673
24
44012
8
15673
22
45984
11
249864
23
74558
ラジオボタン
5
102663
24
44012
6
88727
25
124810
7
249622
23
47172
14
137432
25
12153
14
137432
22
104776
16
250794
23
134085
ラベル
6
139403
24
45490
7
249622
25
123332
4
266700
21
0
19
219075
28
0
6
0
30
144517
14
0
36
9524
選択あり
選択無し
5
40999
47
101876
9
219253
51
75448
4
217006
46
99392
10
82827
52
41413

============================================================
FILE: A1_プロジェクト管理システム\020_方式設計\020_開発標準\020_テスト標準\単体テスト標準.xlsx
DRAWING: drawing1.xml
============================================================
15
180975
1
219075
18
57150
5
38100
関係者外秘
PJ関係者限り
3
76200
8
142875
16
76200
19
152400
サンプルプロジェクト
単体テスト標準

============================================================
FILE: A1_プロジェクト管理システム\020_方式設計\020_開発標準\020_テスト標準\単体テスト標準.xlsx
DRAWING: drawing2.xml
============================================================
4
241789
20
117232
7
146538
24
87924
システム機能
設計書
12
146539
14
123093
15
51289
18
93785
テスト観点
カタログ
12
145074
20
123094
15
49824
24
93786
単体テスト
仕様書
7
146538
22
102578
12
145074
22
108440
13
235562
18
57940
13
237027
20
123094
5
212482
23
80599
8
117231
27
29309
コンポーネント
設計書

============================================================
FILE: A1_プロジェクト管理システム\020_方式設計\020_開発標準\020_テスト標準\単体テスト標準.xlsx
DRAWING: drawing3.xml
============================================================
10
241779
20
7327
13
43952
22
124558
Serivce
16
109895
20
7327
18
190491
22
124558
Mapper
(
モック
)
13
43952
21
65943
16
109895
21
65943
5
93776
20
5861
7
174371
22
123092
Test
7
174371
21
64477
10
241779
21
65943
21
234461
20
36634
23
271095
22
87923
DB
19
49813
21
86458
21
7327
21
87923
19
37995
20
14005
20
231523
23
45817
10
241779
35
7327
13
43952
37
124558
Serivce
16
117222
35
7327
18
197818
37
124558
Mapper
13
43952
36
65942
16
117222
36
65942
5
93776
35
5861
7
174371
37
123092
Test
7
174371
36
64477
10
241779
36
65943
21
234461
35
36634
23
271095
37
87923
DB
18
197818
36
62278
21
234461
36
65942
17
146539
23
80596
21
131884
25
139212
Mock
使用より
DB
依存をなくす
13
43952
36
65942
16
139202
40
29308
16
139202
38
117231
18
219798
41
87924
Mapper
18
219798
37
87923
22
252778
40
29308
18
190500
41
102578
22
175845
44
29308
DB
アクセスまで通してテストする
8
38100
23
86458
13
79131
26
87923
DB
アクセスがほとんどなく、ロジックがメイン
7
225669
38
99647
12
172916
41
101113
ロジックはほとんどなく、
DB
アクセスがメイン

============================================================
FILE: A1_プロジェクト管理システム\030_アプリ設計\010_システム機能設計\システム処理フロー_A1_プロジェクト管理システム.xlsx
DRAWING: drawing1.xml
============================================================
15
381000
1
114300
18
266700
4
114300
関係者外秘
PJ関係者限り
3
76200
8
142875
16
76200
19
152400
サンプルプロジェクト
システム処理フロー
プロジェクト管理システム

============================================================
FILE: A1_プロジェクト管理システム\030_アプリ設計\010_システム機能設計\システム処理フロー_A1_プロジェクト管理システム.xlsx
DRAWING: drawing2.xml
============================================================
1
6569
9
95077
12
200682
14
124966
1
142938
10
59293
6
7846
14
11668
システムアカウントテーブル
12
200682
12
36847
15
33087
12
37332
14
123819
17
103790
17
152394
21
16423
WA10103
TOP
メニュー
15
275294
8
9929
16
0
10
114300
15
275459
16
20292
15
275459
17
111672
16
242637
12
36847
20
231913
12
37906
8
142875
40
114300
34
219075
54
66675
凡　　例
22
2165
42
19050
24
64510
45
114300
論理
テーブル名
25
9525
43
47625
27
0
44
85725
テーブル
21
257175
46
66675
24
95250
49
0
ID
名称
25
9525
47
11287
帳票
15
266700
46
47625
17
161925
49
19050
18
190500
47
11287
画面
16
9525
49
66675
17
142875
51
38100
取引ID
取引名
15
219075
52
19050
17
200025
54
9525
取引ID
取引名
18
190500
52
68437
画面以外の取引
28
66675
45
66675
30
266700
47
95250
条件
31
142875
45
125587
条件分岐
9
114300
46
66675
10
161925
48
76200
11
257175
46
123825
結合子(機能内)
9
85725
46
133350
識別子
28
133350
42
9525
30
190500
44
95250
ID
名称
28
152400
42
9525
30
190500
43
95250
31
133350
42
97012
電子メール
16
28575
42
104775
17
123825
42
104775
18
190500
42
11287
処理の流れ
16
38100
45
66675
17
104775
45
66675
18
190500
44
116062
IN/OUT
28
114300
48
66675
30
247650
50
123825
31
161925
49
1762
並列分岐
28
114300
51
85725
30
247650
54
0
31
161925
52
20812
待ち合わせ同期
9
209550
48
133350
10
76200
49
133350
11
257175
48
116062
処理の開始
11
257175
50
68437
処理の終了
9
209550
50
85725
10
76200
51
95250
9
57150
44
0
10
228600
46
28575
機能ID
機能名
9
161925
42
66675
10
114300
44
9525
11
257175
42
76200
15
228600
44
0
結合子(機能間)
21
247650
49
76200
24
95250
52
114300
25
0
50
38100
28
85725
52
9525
ファイル/電文
21
175575
50
9525
ファイル/電文ID
ファイル/電文名
9
9525
52
28575
10
266700
54
19050
11
266700
52
38100
15
76200
54
9525
グループ化
16
28575
44
9525
17
123825
44
9525
18
190500
43
58912
処理の呼び出し
15
204107
7
9930
16
70757
8
9929
20
231913
10
61718
25
99392
14
14093
システムアカウントテーブル
14
95062
13
99805
17
179959
16
20292
WA10101
ログイン
15
33087
10
114300
16
242637
13
104775
20
205604
31
84740
23
234178
34
140248
WA10104
汎用エラー
8
236476
23
29560
23
223339
23
29560
15
275890
21
33173
15
275890
22
122911
22
91959
23
42698
22
91959
24
132436
8
22795
28
62034
11
107691
30
127038
WA10102
ログアウト
8
236716
25
19051
10
170369
28
9526
9
203629
23
47625
9
203629
24
139005
6
208423
10
59293
11
73332
14
11668
ユーザ
テーブル
20
9526
24
133350
24
190500
29
0
エラー有無
22
100013
28
138113
22
100013
31
80963
20
257175
29
133350
22
247650
31
28575
有
17
152394
19
60107
24
190500
26
138113
25
257175
25
123825
27
247650
27
19050
無
15
266700
23
66675
15
266700
28
133350
13
209549
30
114300
18
57149
33
104775
A102
プロジェクト管理
15
142875
28
133350
16
95250
30
76200

============================================================
FILE: A1_プロジェクト管理システム\030_アプリ設計\010_システム機能設計\システム処理フロー_A1_プロジェクト管理システム.xlsx
DRAWING: drawing3.xml
============================================================
28
266700
18
22618
33
219074
21
117868
システムアカウント
テーブル
28
257175
13
117868
33
209549
18
95250
ユーザ別従事
プロジェクト作成要求
テーブル
13
155185
14
70243
16
155122
18
22618
プロジェクト
テーブル
16
48816
10
91018
18
213068
14
123826
12
189983
39
66957
38
266184
53
19332
凡　　例
論理
テーブル名
テーブル
ID
名称
帳票
画面
取引ID
取引名
取引ID
取引名
画面以外の取引
条件
条件分岐
結合子(機能内)
識別子
ID
名称
電子メール
処理の流れ
IN/OUT
並列分岐
待ち合わせ同期
処理の開始
処理の終了
機能ID
機能名
結合子(機能間)
ファイル/電文
ファイル/電文ID
ファイル/電文名
グループ化
処理の呼び出し
16
66675
14
123826
21
95250
20
119298
WA10202
プロジェクト検索
13
263128
7
100543
18
110728
10
91018
A101
ログイン
15
219076
6
1
16
171451
7
91018
8
200025
18
92394
13
38100
21
14523
WA10201
プロジェクト登録
10
27166
14
123826
11
237044
17
114301
10
180975
23
57150
11
47625
24
66675
10
270218
10
91018
16
48816
14
123826
10
252413
21
14523
10
257175
23
57150
16
63954
25
123825
21
92530
31
119296
WA10203
プロジェクト更新
11
237044
16
46431
13
155185
16
47626
18
193221
31
122464
18
197983
33
136516
18
93890
34
97971
18
232683
35
107495
16
155122
16
46431
17
246241
16
47626
15
17041
18
22618
17
243520
27
47625
18
208393
20
119298
18
217034
25
123825
21
152400
14
114301
27
209550
20
109773
WA10205
ユーザ別従事プロジェクト
16
48816
10
91018
24
165443
14
114301
24
104775
24
0
24
247650
25
9525
24
176213
20
109773
24
180975
24
19050
28
247650
10
136918
33
200024
14
89293
ユーザ別従事
プロジェクトテーブル
25
132269
16
35122
28
257175
16
38101
2
19050
18
73344
7
219075
20
138348
WA10206
プロジェクトアップロード
4
36691
14
104776
5
246569
17
95251
4
190500
23
38100
5
57150
24
47625
4
257175
20
138348
4
261938
23
38100
5
3518
10
91018
16
48816
14
104776

============================================================
FILE: A1_プロジェクト管理システム\030_アプリ設計\010_システム機能設計\システム処理フロー_A1_プロジェクト管理システム.xlsx
DRAWING: drawing4.xml
============================================================
5
0
59
11995
9
247650
62
105175
プロジェクト担当者
テーブル
5
0
55
126295
9
247650
59
76600
プロジェクト
テーブル
3
247714
14
21193
6
247651
17
116443
プロジェクト
テーブル
8
142875
67
114300
34
219075
81
66675
凡　　例
22
2165
69
19050
24
64510
72
114300
論理
テーブル名
25
9525
70
47625
27
0
71
85725
テーブル
21
257175
73
66675
24
95250
76
0
ID
名称
25
9525
74
11287
帳票
15
266700
73
47625
17
161925
76
19050
18
190500
74
11287
画面
16
9525
76
66675
17
142875
78
38100
取引ID
取引名
15
219075
79
19050
17
200025
81
9525
取引ID
取引名
18
190500
79
68437
画面以外の取引
28
66675
72
66675
30
266700
74
95250
条件
31
142875
72
125587
条件分岐
9
114300
73
66675
10
161925
75
76200
11
257175
73
123825
結合子(機能内)
9
85725
73
133350
識別子
28
133350
69
9525
30
190500
71
95250
ID
名称
28
152400
69
9525
30
190500
70
95250
31
133350
69
97012
電子メール
16
28575
69
104775
17
123825
69
104775
18
190500
69
11287
処理の流れ
16
38100
72
66675
17
104775
72
66675
18
190500
71
116062
IN/OUT
28
114300
75
66675
30
247650
77
123825
31
161925
76
1762
並列分岐
28
114300
78
85725
30
247650
81
0
31
161925
79
20812
待ち合わせ同期
9
209550
75
133350
10
76200
76
133350
11
257175
75
116062
処理の開始
11
257175
77
68437
処理の終了
9
209550
77
85725
10
76200
78
95250
9
57150
71
0
10
228600
73
28575
機能ID
機能名
9
161925
69
66675
10
114300
71
9525
11
257175
69
76200
15
228600
71
0
結合子(機能間)
21
247650
76
76200
24
95250
79
114300
25
0
77
38100
28
85725
79
9525
ファイル/電文
21
175575
77
9525
ファイル/電文ID
ファイル/電文名
9
9525
79
28575
10
266700
81
19050
11
266700
79
38100
15
76200
81
9525
グループ化
16
28575
71
9525
17
123825
71
9525
18
190500
70
58912
処理の呼び出し
6
247651
15
140256
13
238125
16
14288
15
228600
9
95250
16
95250
10
95250
18
104775
16
14288
23
38100
16
19050
16
23813
10
95250
16
33338
14
38100
13
238125
14
38100
18
104775
17
133350
BA10601
プロジェクト一覧出力
15
238125
20
123825
16
104775
21
133350
16
33338
17
133350
16
33338
21
0
23
38100
13
114300
29
114300
18
66675
24
498
14
47625
N21AA002
期間内プロジェクト
一覧
12
266701
32
85725
18
28575
37
0
BA10602
プロジェクト一括登録
10
95250
34
114300
12
266701
34
114300
4
247649
32
114300
11
123825
36
104775
N21AA001
登録用プロジェクト
一覧
15
76200
28
0
15
219075
29
0
15
76200
40
110137
15
219075
41
119661
15
147638
29
0
15
147638
32
85725
20
247650
32
135820
24
152400
36
86125
プロジェクト
テーブル
18
57150
34
110973
20
247650
34
114300
15
147638
37
0
15
147638
40
129187
12
266701
52
85725
18
28575
57
0
BA10603
ユーザ別従事プロジェクト抽出
10
95250
54
114300
12
266701
54
114300
20
180974
58
9525
27
57150
62
0
N21AA003
ユーザ別従事プロジェクト一覧
15
76200
48
0
15
219075
49
0
15
76200
60
110137
15
219075
61
119661
15
147638
49
0
15
147638
52
85725
18
57150
54
110973
20
247650
54
114300
15
147638
57
0
15
147638
60
129187
5
19050
51
76200
9
247649
56
53582
ユーザ別従事
プロジェクト作成要求
テーブル
5
9525
48
95250
9
238124
52
47625
ユーザ別従事
プロジェクトテーブル
21
123825
52
76200
26
76199
57
53582
ユーザ別従事
プロジェクト作成要求
テーブル
21
114300
49
95250
26
66674
53
47625
ユーザ別従事
プロジェクトテーブル

============================================================
FILE: A1_プロジェクト管理システム\030_アプリ設計\010_システム機能設計\システム処理フロー_A1_プロジェクト管理システム.xlsx
DRAWING: drawing5.xml
============================================================
8
142875
25
114300
34
219075
39
66675
凡　　例
22
2165
27
19050
24
64510
30
114300
論理
テーブル名
25
9525
28
47625
27
0
29
85725
テーブル
21
257175
31
66675
24
95250
34
0
ID
名称
25
9525
32
11287
帳票
15
266700
31
47625
17
161925
34
19050
18
190500
32
11287
画面
16
9525
34
66675
17
142875
36
38100
取引ID
取引名
15
219075
37
19050
17
200025
39
9525
取引ID
取引名
18
190500
37
68437
画面以外の取引
28
66675
30
66675
30
266700
32
95250
条件
31
142875
30
125587
条件分岐
9
114300
31
66675
10
161925
33
76200
11
257175
31
123825
結合子(機能内)
9
85725
31
133350
識別子
28
133350
27
9525
30
190500
29
95250
ID
名称
28
152400
27
9525
30
190500
28
95250
31
133350
27
97012
電子メール
16
28575
27
104775
17
123825
27
104775
18
190500
27
11287
処理の流れ
16
38100
30
66675
17
104775
30
66675
18
190500
29
116062
IN/OUT
28
114300
33
66675
30
247650
35
123825
31
161925
34
1762
並列分岐
28
114300
36
85725
30
247650
39
0
31
161925
37
20812
待ち合わせ同期
9
209550
33
133350
10
76200
34
133350
11
257175
33
116062
処理の開始
11
257175
35
68437
処理の終了
9
209550
35
85725
10
76200
36
95250
9
57150
29
0
10
228600
31
28575
機能ID
機能名
9
161925
27
66675
10
114300
29
9525
11
257175
27
76200
15
228600
29
0
結合子(機能間)
21
247650
34
76200
24
95250
37
114300
25
0
35
38100
28
85725
37
9525
ファイル/電文
21
175575
35
9525
ファイル/電文ID
ファイル/電文名
9
9525
37
28575
10
266700
39
19050
11
266700
37
38100
15
76200
39
9525
グループ化
16
28575
29
9525
17
123825
29
9525
18
190500
28
58912
処理の呼び出し
20
171449
12
135820
24
76199
16
86125
業務日付
テーブル
15
38099
7
76200
15
180974
8
76200
15
28574
20
91087
15
171449
21
100611
15
100012
8
76200
15
109537
20
91087
12
228600
12
76200
17
266699
16
133350
BA1070101
業務日付更新
17
266699
14
104775
20
161925
14
104775

============================================================
FILE: A1_プロジェクト管理システム\030_アプリ設計\010_システム機能設計\システム機能一覧_A1_プロジェクト管理システム.xlsx
DRAWING: drawing1.xml
============================================================
15
381000
1
114300
18
266700
4
114300
関係者外秘
PJ関係者限り
3
76200
8
142875
16
76200
19
152400
サンプルプロジェクト
システム機能一覧
プロジェクト管理システム

============================================================
FILE: A1_プロジェクト管理システム\030_アプリ設計\010_システム機能設計\システム機能設計書(バッチ)_BA10601／期間内プロジェクト一覧出力バッチ.xlsx
DRAWING: drawing1.xml
============================================================
15
409575
1
114300
18
295275
4
114300
関係者外秘
PJ
関係者限り
2
161925
8
142875
17
114300
20
152400
サンプルプロジェクト
システム機能設計書
プロジェクト管理システム
/
期間内プロジェクト一覧出力バッチ

============================================================
FILE: A1_プロジェクト管理システム\030_アプリ設計\010_システム機能設計\システム機能設計書(バッチ)_BA10601／期間内プロジェクト一覧出力バッチ.xlsx
DRAWING: drawing2.xml
============================================================
14
57150
37
114300
34
190500
51
66675
凡　　例
21
114300
41
76200
23
209550
45
51289
論理
テーブル名
24
95250
42
104775
26
133350
44
0
テーブル
21
114300
45
85725
23
228600
48
58615
ID
名称
24
95250
46
30338
帳票
24
95250
39
68438
バッチ処理
27
190500
42
95250
30
114300
44
123825
条件
30
266700
43
11288
条件分岐
15
28575
38
85725
16
76200
40
95250
17
171450
39
0
結合子
15
0
39
9525
識別子
21
142875
48
90854
23
200025
50
138479
ID
名称
24
95250
49
1763
電子メール
15
9525
48
0
16
104775
48
0
17
171450
47
49388
処理の流れ
15
19050
50
19050
16
85725
50
19050
17
171450
49
68438
IN/OUT
27
228600
45
95250
30
85725
48
9525
30
266700
46
30338
並列分岐
27
228600
48
114300
30
85725
51
28575
30
266700
49
49388
待ち合わせ同期
15
123825
41
9525
15
266700
42
9525
17
171450
40
141916
処理の開始
17
171450
42
87488
処理の終了
15
123825
42
104775
15
266700
43
114300
27
238125
39
0
30
85725
42
38100
30
266700
39
104775
34
76200
41
76200
ファイル
/
電文
27
186897
39
76200
ファイル
/
電文
ID
ファイル
/
電文名
14
200025
44
104775
16
180975
46
95250
17
171450
44
123825
20
257175
46
95250
グループ化
21
114300
38
107674
23
238125
41
9525
ﾊﾞｯﾁ処理ID
ﾊﾞｯﾁ処理名
12
266701
10
85725
18
28575
15
0
BA1060101
期間内プロジェクト一覧ファイル作成
6
57150
10
135820
9
238125
14
86125
プロジェクト
テーブル
9
238125
12
110973
12
266701
12
114300
20
76199
10
114300
26
228600
14
104775
N21AA002
期間内プロジェクト
一覧
18
28575
12
109538
20
76199
12
114300
15
76200
6
0
15
219075
7
0
15
66675
18
52987
15
209550
19
62511
15
138113
15
0
15
147638
18
52987
15
147638
7
0
15
147638
10
85725

============================================================
FILE: A1_プロジェクト管理システム\030_アプリ設計\010_システム機能設計\システム機能設計書(バッチ)_BA10602／プロジェクト一括登録バッチ.xlsx
DRAWING: drawing1.xml
============================================================
15
409575
1
114300
18
295275
4
114300
関係者外秘
PJ
関係者限り
2
161925
8
142875
17
114300
20
152400
サンプルプロジェクト
システム機能設計書
プロジェクト管理システム
/
プロジェクト一括登録バッチ

============================================================
FILE: A1_プロジェクト管理システム\030_アプリ設計\010_システム機能設計\システム機能設計書(バッチ)_BA10602／プロジェクト一括登録バッチ.xlsx
DRAWING: drawing2.xml
============================================================
14
57150
37
114300
34
190500
51
66675
凡　　例
21
114300
41
76200
23
209550
45
51289
論理
テーブル名
24
95250
42
104775
26
133350
44
0
テーブル
21
114300
45
85725
23
228600
48
58615
ID
名称
24
95250
46
30338
帳票
24
95250
39
68438
バッチ処理
27
190500
42
95250
30
114300
44
123825
条件
30
266700
43
11288
条件分岐
15
28575
38
85725
16
76200
40
95250
17
171450
39
0
結合子
15
0
39
9525
識別子
21
142875
48
90854
23
200025
50
138479
ID
名称
24
95250
49
1763
電子メール
15
9525
48
0
16
104775
48
0
17
171450
47
49388
処理の流れ
15
19050
50
19050
16
85725
50
19050
17
171450
49
68438
IN/OUT
27
228600
45
95250
30
85725
48
9525
30
266700
46
30338
並列分岐
27
228600
48
114300
30
85725
51
28575
30
266700
49
49388
待ち合わせ同期
15
123825
41
9525
15
266700
42
9525
17
171450
40
141916
処理の開始
17
171450
42
87488
処理の終了
15
123825
42
104775
15
266700
43
114300
27
238125
39
0
30
85725
42
38100
30
266700
39
104775
34
76200
41
76200
ファイル
/
電文
27
186897
39
76200
ファイル
/
電文
ID
ファイル
/
電文名
14
200025
44
104775
16
180975
46
95250
17
171450
44
123825
20
257175
46
95250
グループ化
21
114300
38
107674
23
238125
41
9525
ﾊﾞｯﾁ処理ID
ﾊﾞｯﾁ処理名
12
266701
10
85725
18
28575
15
0
BA1060201
ワークテーブル登録
20
209550
22
69145
24
114300
26
19450
プロジェクト
テーブル
10
95250
12
114300
12
266701
12
114300
4
247649
10
114300
11
123825
14
104775
N21AA001
登録用プロジェクト
一覧
15
76200
6
0
15
219075
7
0
15
66675
31
33937
15
209550
32
43461
15
138113
15
0
15
147638
31
33937
15
147638
7
0
15
147638
10
85725
12
266701
22
9525
18
28575
26
66675
BA1060202
本テーブル登録
20
247650
10
135820
24
152400
14
86125
プロジェクト
ワークテーブル
18
28575
24
38100
20
200026
24
38100
18
57150
12
110973
20
247650
12
114300
10
38100
24
63348
12
228600
24
66675
6
104775
22
107245
10
9525
26
57550
プロジェクト
ワークテーブル

============================================================
FILE: A1_プロジェクト管理システム\030_アプリ設計\010_システム機能設計\システム機能設計書(バッチ)_BA10603／ユーザ別従事プロジェクト抽出バッチ.xlsx
DRAWING: drawing1.xml
============================================================
15
409575
1
114300
18
295275
4
114300
関係者外秘
PJ
関係者限り
2
161925
8
142875
17
114300
20
152400
サンプルプロジェクト
システム機能設計書
プロジェクト管理システム
/
ユーザ別従事プロジェクト抽出バッチ

============================================================
FILE: A1_プロジェクト管理システム\030_アプリ設計\010_システム機能設計\システム機能設計書(バッチ)_BA10603／ユーザ別従事プロジェクト抽出バッチ.xlsx
DRAWING: drawing2.xml
============================================================
14
57150
27
114300
34
190500
41
66675
凡　　例
21
114300
31
76200
23
209550
35
51289
論理
テーブル名
24
95250
32
104775
26
133350
34
0
テーブル
21
114300
35
85725
23
228600
38
58615
ID
名称
24
95250
36
30338
帳票
24
95250
29
68438
バッチ処理
27
190500
32
95250
30
114300
34
123825
条件
30
266700
33
11288
条件分岐
15
28575
28
85725
16
76200
30
95250
17
171450
29
0
結合子
15
0
29
9525
識別子
21
142875
38
90854
23
200025
40
138479
ID
名称
24
95250
39
1763
電子メール
15
9525
38
0
16
104775
38
0
17
171450
37
49388
処理の流れ
15
19050
40
19050
16
85725
40
19050
17
171450
39
68438
IN/OUT
27
228600
35
95250
30
85725
38
9525
30
266700
36
30338
並列分岐
27
228600
38
114300
30
85725
41
28575
30
266700
39
49388
待ち合わせ同期
15
123825
31
9525
15
266700
32
9525
17
171450
30
141916
処理の開始
17
171450
32
87488
処理の終了
15
123825
32
104775
15
266700
33
114300
27
238125
29
0
30
85725
32
38100
30
266700
29
104775
34
76200
31
76200
ファイル
/
電文
27
186897
29
76200
ファイル
/
電文
ID
ファイル
/
電文名
14
200025
34
104775
16
180975
36
95250
17
171450
34
123825
20
257175
36
95250
グループ化
21
114300
28
107674
23
238125
31
9525
ﾊﾞｯﾁ処理ID
ﾊﾞｯﾁ処理名
5
28575
18
135820
10
0
22
86125
プロジェクト担当者
テーブル
5
28575
15
107245
10
0
19
57550
プロジェクト
テーブル
13
19051
12
66675
18
57150
16
123825
BA10603
ユーザ別従事プロジェクト抽出
10
123825
14
95250
13
19051
14
95250
20
209549
17
133350
27
85725
21
123825
N21AA003
ユーザ別従事プロジェクト一覧
15
104775
7
123825
15
247650
8
123825
15
104775
20
91087
15
247650
21
100611
15
176213
8
123825
15
176213
12
66675
18
85725
14
91923
21
0
14
95250
15
176213
16
123825
15
176213
20
110137
5
47625
11
57150
9
276224
16
34532
ユーザ別従事
プロジェクト作成要求
テーブル
5
38100
8
76200
9
266699
12
28575
ユーザ別従事
プロジェクトテーブル
21
152400
12
57150
26
104774
17
34532
ユーザ別従事
プロジェクト作成要求
テーブル
21
142875
9
76200
26
95249
13
28575
ユーザ別従事
プロジェクトテーブル

============================================================
FILE: A1_プロジェクト管理システム\030_アプリ設計\010_システム機能設計\システム機能設計書(バッチ)_BA10701／業務日付更新バッチ.xlsx
DRAWING: drawing1.xml
============================================================
15
409575
1
114300
18
295275
4
114300
関係者外秘
PJ
関係者限り
2
161925
8
142875
17
114300
20
152400
サンプルプロジェクト
システム機能設計書
プロジェクト管理システム
/
業務日付更新バッチ

============================================================
FILE: A1_プロジェクト管理システム\030_アプリ設計\010_システム機能設計\システム機能設計書(バッチ)_BA10701／業務日付更新バッチ.xlsx
DRAWING: drawing2.xml
============================================================
14
57150
22
47625
34
190500
37
66675
凡　　例
21
114300
27
76200
23
209550
31
51289
論理
テーブル名
24
95250
28
104775
26
133350
30
0
テーブル
21
114300
31
85725
23
228600
34
58615
ID
名称
24
95250
32
30338
帳票
24
95250
25
68438
バッチ処理
27
190500
28
95250
30
114300
30
123825
条件
30
266700
29
11288
条件分岐
15
28575
24
85725
16
76200
26
95250
17
171450
25
0
結合子
15
0
25
9525
識別子
21
142875
34
90854
23
200025
36
138479
ID
名称
24
95250
35
1763
電子メール
15
9525
34
0
16
104775
34
0
17
171450
33
49388
処理の流れ
15
19050
36
19050
16
85725
36
19050
17
171450
35
68438
IN/OUT
27
228600
31
95250
30
85725
34
9525
30
266700
32
30338
並列分岐
27
228600
34
114300
30
85725
37
28575
30
266700
35
49388
待ち合わせ同期
15
123825
27
9525
15
266700
28
9525
17
171450
26
141916
処理の開始
17
171450
28
87488
処理の終了
15
123825
28
104775
15
266700
29
114300
27
238125
25
0
30
85725
28
38100
30
266700
25
104775
34
76200
27
76200
ファイル
/
電文
27
186897
25
76200
ファイル
/
電文
ID
ファイル
/
電文名
14
200025
30
104775
16
180975
32
95250
17
171450
30
123825
20
257175
32
95250
グループ化
21
114300
24
107674
23
238125
27
9525
ﾊﾞｯﾁ処理ID
ﾊﾞｯﾁ処理名
20
209550
11
59620
24
114300
15
9925
業務日付
テーブル
15
76200
6
0
15
219075
7
0
15
66675
19
14887
15
209550
20
24411
15
138113
7
0
15
147638
19
14887
12
266701
11
0
18
28575
15
57150
BA1070101
業務日付更新
18
28575
13
28575
20
200026
13
28575

============================================================
FILE: A1_プロジェクト管理システム\030_アプリ設計\010_システム機能設計\システム機能設計書(画面)_WA10101_ログイン.xlsx
DRAWING: drawing1.xml
============================================================
15
381000
1
114300
18
266700
4
114300
関係者外秘
PJ関係者限り
3
76200
8
142875
16
76200
19
152400
サンプルプロジェクト
システム機能設計書（画面）
プロジェクト管理システム/ログイン

============================================================
FILE: A1_プロジェクト管理システム\030_アプリ設計\010_システム機能設計\システム機能設計書(画面)_WA10101_ログイン.xlsx
DRAWING: drawing2.xml
============================================================
2
116305
6
151399
31
152400
32
47148

============================================================
FILE: A1_プロジェクト管理システム\030_アプリ設計\010_システム機能設計\システム機能設計書(画面)_WA10102_ログアウト.xlsx
DRAWING: drawing1.xml
============================================================
15
381000
1
114300
18
266700
4
114300
関係者外秘
PJ関係者限り
3
76200
8
142875
16
76200
19
152400
サンプルプロジェクト
システム機能設計書（画面）
プロジェクト管理システム/ログアウト

============================================================
FILE: A1_プロジェクト管理システム\030_アプリ設計\010_システム機能設計\システム機能設計書(画面)_WA10103_TOPメニュー.xlsx
DRAWING: drawing1.xml
============================================================
15
381000
1
114300
18
266700
4
114300
関係者外秘
PJ関係者限り
3
76200
8
142875
16
76200
19
152400
サンプルプロジェクト
システム機能設計書（画面）
プロジェクト管理システム/
TOP
メニュー

============================================================
FILE: A1_プロジェクト管理システム\030_アプリ設計\010_システム機能設計\システム機能設計書(画面)_WA10103_TOPメニュー.xlsx
DRAWING: drawing2.xml
============================================================
1
266700
6
125325
33
85725
23
95250

============================================================
FILE: A1_プロジェクト管理システム\030_アプリ設計\010_システム機能設計\システム機能設計書(画面)_WA10104_汎用エラー.xlsx
DRAWING: drawing1.xml
============================================================
15
381000
1
114300
18
266700
4
114300
関係者外秘
PJ関係者限り
3
76200
8
142875
16
76200
19
152400
サンプルプロジェクト
システム機能設計書（画面）
プロジェクト管理システム/汎用エラー

============================================================
FILE: A1_プロジェクト管理システム\030_アプリ設計\010_システム機能設計\システム機能設計書(画面)_WA10104_汎用エラー.xlsx
DRAWING: drawing2.xml
============================================================
2
161925
7
30357
30
171450
16
95250

============================================================
FILE: A1_プロジェクト管理システム\030_アプリ設計\010_システム機能設計\システム機能設計書(画面)_WA10201_プロジェクト登録.xlsx
DRAWING: drawing1.xml
============================================================
15
381000
1
114300
18
266700
4
114300
関係者外秘
PJ関係者限り
3
76200
8
142875
16
76200
19
152400
サンプルプロジェクト
システム機能設計書（画面）
プロジェクト管理システム/プロジェクト登録

============================================================
FILE: A1_プロジェクト管理システム\030_アプリ設計\010_システム機能設計\システム機能設計書(画面)_WA10201_プロジェクト登録.xlsx
DRAWING: drawing2.xml
============================================================
3
66675
6
104775
31
196215
40
43815
8
28575
11
142875
31
152400
39
9525
29
238124
9
38100
34
161924
12
66675
領域名：プロジェクト情報入力
38
47625
80
76200
43
133350
83
333375
2022
年
9
月版では未実装
38
38100
115
133350
43
123825
120
104775
2022
年
9
月版では未実装
2
114300
116
19051
27
28575
140
95251

============================================================
FILE: A1_プロジェクト管理システム\030_アプリ設計\010_システム機能設計\システム機能設計書(画面)_WA10201_プロジェクト登録.xlsx
DRAWING: drawing3.xml
============================================================
3
28575
7
66675
29
192405
35
51435
7
142875
11
113506
27
152400
34
28575
28
169252
11
2198
33
112662
14
44219
領域名：プロジェクト情報確認

============================================================
FILE: A1_プロジェクト管理システム\030_アプリ設計\010_システム機能設計\システム機能設計書(画面)_WA10201_プロジェクト登録.xlsx
DRAWING: drawing4.xml
============================================================
2
85725
7
142875
31
91440
26
112395

============================================================
FILE: A1_プロジェクト管理システム\030_アプリ設計\010_システム機能設計\システム機能設計書(画面)_WA10202_プロジェクト照会.xlsx
DRAWING: drawing1.xml
============================================================
15
381000
1
114300
18
266700
4
114300
関係者外秘
PJ関係者限り
3
76200
8
142875
16
76200
19
152400
サンプルプロジェクト
システム機能設計書（画面）
プロジェクト管理システム/プロジェクト照会

============================================================
FILE: A1_プロジェクト管理システム\030_アプリ設計\010_システム機能設計\システム機能設計書(画面)_WA10202_プロジェクト照会.xlsx
DRAWING: drawing2.xml
============================================================
5
228600
6
123825
30
211455
40
62865
5
200025
40
9525
30
182880
44
17145
10
36634
39
5128
30
109904
40
62277
10
7327
9
66675
31
21980
34
6569
29
264501
8
87923
34
188300
11
116498
領域名：プロジェクト検索条件入力
38
38100
131
133350
43
123825
136
104775
2022
年
9
月版では未実装
2
114300
132
19050
27
28575
157
123826
10
8190
34
76199
31
38100
43
0
29
221273
35
29308
34
145072
38
57883
領域名：プロジェクト検索結果一覧
38
66675
93
85725
43
152400
97
0
2022
年
9
月版では未実装

============================================================
FILE: A1_プロジェクト管理システム\030_アプリ設計\010_システム機能設計\システム機能設計書(画面)_WA10202_プロジェクト照会.xlsx
DRAWING: drawing3.xml
============================================================
3
47625
7
104775
28
0
33
112395
7
95250
12
38100
23
47625
32
57149
25
133349
12
19050
30
57149
15
47625
領域名：プロジェクト詳細

============================================================
FILE: A1_プロジェクト管理システム\030_アプリ設計\010_システム機能設計\システム機能設計書(画面)_WA10203_プロジェクト更新.xlsx
DRAWING: drawing1.xml
============================================================
15
381000
1
114300
18
266700
4
114300
関係者外秘
PJ関係者限り
3
76200
8
142875
16
76200
19
152400
サンプルプロジェクト
システム機能設計書（画面）
プロジェクト管理システム/プロジェクト更新

============================================================
FILE: A1_プロジェクト管理システム\030_アプリ設計\010_システム機能設計\システム機能設計書(画面)_WA10203_プロジェクト更新.xlsx
DRAWING: drawing2.xml
============================================================
4
76200
9
19050
29
112395
38
125730
8
123825
13
133351
29
133350
37
76201
28
257174
11
57150
33
180974
14
85725
領域名：プロジェクト情報入力
38
47625
83
76200
43
133350
86
333375
2022
年
9
月版では未実装
38
38100
161
133350
43
123825
166
104775
2022
年
9
月版では未実装
2
114300
161
123825
27
28575
186
28575

============================================================
FILE: A1_プロジェクト管理システム\030_アプリ設計\010_システム機能設計\システム機能設計書(画面)_WA10203_プロジェクト更新.xlsx
DRAWING: drawing3.xml
============================================================
4
171450
6
95250
31
264795
35
49530
8
152400
11
133350
25
238125
34
0
27
247650
11
0
32
191060
14
42022
領域名：プロジェクト情報確認

============================================================
FILE: A1_プロジェクト管理システム\030_アプリ設計\010_システム機能設計\システム機能設計書(画面)_WA10203_プロジェクト更新.xlsx
DRAWING: drawing4.xml
============================================================
3
0
7
9525
28
5715
17
40005

============================================================
FILE: A1_プロジェクト管理システム\030_アプリ設計\010_システム機能設計\システム機能設計書(画面)_WA10204_顧客選択.xlsx
DRAWING: drawing1.xml
============================================================
15
381000
1
114300
18
266700
4
114300
関係者外秘
PJ関係者限り
3
76200
8
142875
16
76200
19
152400
サンプルプロジェクト
システム機能設計書（画面）
プロジェクト管理システム/顧客選択

============================================================
FILE: A1_プロジェクト管理システム\030_アプリ設計\010_システム機能設計\システム機能設計書(画面)_WA10204_顧客選択.xlsx
DRAWING: drawing2.xml
============================================================
4
76200
8
57150
26
60146
26
142875
4
47626
8
66676
26
76200
18
142876
27
161924
7
0
32
85724
10
28575
領域名：顧客検索
4
47625
19
66675
26
76200
27
76200
28
9524
17
95250
32
209549
20
123825
領域名：顧客選択

============================================================
FILE: A1_プロジェクト管理システム\030_アプリ設計\010_システム機能設計\システム機能設計書(画面)_WA10205_ユーザ別従事プロジェクト.xlsx
DRAWING: drawing1.xml
============================================================
15
381000
1
114300
18
266700
4
114300
関係者外秘
PJ関係者限り
3
76200
8
142875
16
76200
19
152400
サンプルプロジェクト
システム機能設計書（画面）
プロジェクト管理システム/ユーザ別従事プロジェクト

============================================================
FILE: A1_プロジェクト管理システム\030_アプリ設計\010_システム機能設計\システム機能設計書(画面)_WA10205_ユーザ別従事プロジェクト.xlsx
DRAWING: drawing2.xml
============================================================
3
0
7
0
31
38100
20
31404
7
152400
11
123825
30
47625
18
38100
29
238124
9
38100
34
161924
12
66675
領域名：ユーザ別従事プロジェクト情報

============================================================
FILE: A1_プロジェクト管理システム\030_アプリ設計\010_システム機能設計\システム機能設計書(画面)_WA10205_ユーザ別従事プロジェクト.xlsx
DRAWING: drawing3.xml
============================================================
3
0
7
0
31
38100
19
25222

============================================================
FILE: A1_プロジェクト管理システム\030_アプリ設計\010_システム機能設計\システム機能設計書(画面)_WA10205_ユーザ別従事プロジェクト.xlsx
DRAWING: drawing4.xml
============================================================
3
0
7
0
31
38100
18
109314

============================================================
FILE: A1_プロジェクト管理システム\030_アプリ設計\010_システム機能設計\システム機能設計書(画面)_WA10206_プロジェクトアップロード.xlsx
DRAWING: drawing1.xml
============================================================
15
381000
1
114300
18
266700
4
114300
関係者外秘
PJ関係者限り
3
76200
8
142875
16
76200
19
152400
サンプルプロジェクト
システム機能設計書（画面）
プロジェクト管理システム/プロジェクトアップロード

============================================================
FILE: A1_プロジェクト管理システム\030_アプリ設計\010_システム機能設計\システム機能設計書(画面)_WA10206_プロジェクトアップロード.xlsx
DRAWING: drawing2.xml
============================================================
3
0
7
0
31
38100
20
150623
7
238125
12
95250
31
142875
18
123825
29
238124
9
38100
34
161924
12
66675
領域名：プロジェクトアップロード

============================================================
FILE: A1_プロジェクト管理システム\030_アプリ設計\010_システム機能設計\システム機能設計書(画面)_WA10206_プロジェクトアップロード.xlsx
DRAWING: drawing3.xml
============================================================
3
0
7
0
31
38100
19
58351

============================================================
FILE: A1_プロジェクト管理システム\030_アプリ設計\010_システム機能設計\システム機能設計書(画面)_WA10206_プロジェクトアップロード.xlsx
DRAWING: drawing4.xml
============================================================
3
0
7
0
31
38100
19
29289

============================================================
FILE: A1_プロジェクト管理システム\030_アプリ設計\010_システム機能設計\リクエスト一覧_A1_プロジェクト管理システム.xlsx
DRAWING: drawing1.xml
============================================================
15
381000
1
114300
18
266700
4
114300
関係者外秘
PJ関係者限り
3
76200
8
142875
16
76200
19
152400
サンプルプロジェクト
URL
一覧
プロジェクト管理システム

============================================================
FILE: A1_プロジェクト管理システム\030_アプリ設計\010_システム機能設計\リクエスト一覧_A1_プロジェクト管理システム_バッチ.xlsx
DRAWING: drawing1.xml
============================================================
15
381000
1
114300
18
266700
4
114300
関係者外秘
PJ関係者限り
3
76200
8
142875
16
76200
19
152400
サンプルプロジェクト
リクエスト一覧
プロジェクト管理システム

============================================================
FILE: A1_プロジェクト管理システム\030_アプリ設計\030_インタフェース設計\外部インタフェース一覧_A1_プロジェクト管理システム.xlsx
DRAWING: drawing1.xml
============================================================
15
400050
1
114300
18
285750
4
114300
関係者外秘
PJ
関係者限り
3
76200
8
142875
16
76200
19
152400
サンプルプロジェクト
外部インタフェース一覧
プロジェクト管理システム

============================================================
FILE: A1_プロジェクト管理システム\030_アプリ設計\030_インタフェース設計\外部インタフェース設計書(I／Fファイル)_N21AA001／登録用プロジェクト一覧.xlsx
DRAWING: drawing1.xml
============================================================
15
190500
1
219075
18
295275
5
38100
関係者外秘
PJ関係者限り
3
76200
8
142875
16
76200
19
152400
サンプルプロジェクト
外部インタフェース設計書
(I/F
ファイル
)
プロジェクト管理システム

============================================================
FILE: A1_プロジェクト管理システム\030_アプリ設計\030_インタフェース設計\外部インタフェース設計書(I／Fファイル)_N21AA001／登録用プロジェクト一覧.xlsx
DRAWING: drawing2.xml
============================================================
4
57150
6
9525
8
152400
7
0
入力
8
171450
6
0
12
104775
6
238125
出力
27
161925
17
19050
34
171450
18
0
固定長（ﾌｨｰﾙﾄﾞｾﾊﾟﾚｰﾀあり）
20
19050
17
9525
26
28575
18
0
固定長(ﾌｨｰﾙﾄﾞｾﾊﾟﾚｰﾀなし)
20
19050
17
238125
26
28575
18
238125
可変長（ﾌｨｰﾙﾄﾞｾﾊﾟﾚｰﾀあり）
27
161925
17
228600
29
209550
18
200025
その他
20
19050
21
0
22
66675
21
238125
CR
23
266700
21
0
26
38100
21
238125
LF
27
171450
21
0
29
219075
21
238125
CR+LF
4
38100
17
9525
8
238125
17
228600
伝送ファイル
4
38100
18
9525
6
38100
18
228600
その他
4
38100
17
9525
8
238125
17
228600
伝送ファイル
4
38100
18
9525
6
38100
18
228600
その他
4
38100
17
9525
8
238125
17
228600
伝送ファイル
4
38100
18
9525
6
38100
18
228600
その他
4
38100
17
9525
8
238125
17
228600
伝送ファイル
4
38100
18
9525
6
38100
18
228600
その他
4
19050
25
0
6
57150
25
228600
月次
4
19050
24
0
6
28575
24
238125
日次
17
9525
24
9525
18
238125
24
238125
週次
17
9525
24
238125
19
38100
25
228600
年次
4
19050
26
0
6
38100
26
228600
随時
17
9525
26
0
19
114300
26
228600
その他
4
38100
22
9525
6
38100
22
228600
有り
4
38100
21
9525
8
238125
21
228600
無し
20
19050
22
0
22
66675
22
238125
無し
23
266700
22
0
26
38100
22
238125
その他
20
19050
18
219075
26
28575
19
219075
階層構造（XML形式）
27
161925
18
228600
33
171450
19
228600
階層構造（JSON形式）

============================================================
FILE: A1_プロジェクト管理システム\030_アプリ設計\030_インタフェース設計\外部インタフェース設計書(I／Fファイル)_N21AA001／登録用プロジェクト一覧.xlsx
DRAWING: drawing3.xml
============================================================
9
123825
21
0
9
219075
23
219075
10
47625
22
28575
1
～複数

============================================================
FILE: A1_プロジェクト管理システム\030_アプリ設計\030_インタフェース設計\外部インタフェース設計書(I／Fファイル)_N21AA002／期間内プロジェクト一覧.xlsx
DRAWING: drawing1.xml
============================================================
15
190500
1
219075
18
295275
5
38100
関係者外秘
PJ関係者限り
3
76200
8
142875
16
76200
19
152400
サンプルプロジェクト
外部インタフェース設計書
(I/F
ファイル
)
プロジェクト管理システム

============================================================
FILE: A1_プロジェクト管理システム\030_アプリ設計\030_インタフェース設計\外部インタフェース設計書(I／Fファイル)_N21AA002／期間内プロジェクト一覧.xlsx
DRAWING: drawing2.xml
============================================================
4
57150
6
9525
8
152400
7
0
入力
8
171450
6
0
12
104775
6
238125
出力
27
161925
17
19050
34
171450
18
0
固定長（ﾌｨｰﾙﾄﾞｾﾊﾟﾚｰﾀあり）
20
19050
17
9525
26
28575
18
0
固定長(ﾌｨｰﾙﾄﾞｾﾊﾟﾚｰﾀなし)
20
19050
17
238125
26
28575
18
238125
可変長（ﾌｨｰﾙﾄﾞｾﾊﾟﾚｰﾀあり）
27
161925
17
228600
29
209550
18
200025
その他
20
19050
21
0
22
66675
21
238125
CR
23
266700
21
0
26
38100
21
238125
LF
27
171450
21
0
29
219075
21
238125
CR+LF
4
38100
17
9525
8
238125
17
228600
伝送ファイル
4
38100
18
9525
6
38100
18
228600
その他
4
38100
17
9525
8
238125
17
228600
伝送ファイル
4
38100
18
9525
6
38100
18
228600
その他
4
38100
17
9525
8
238125
17
228600
伝送ファイル
4
38100
18
9525
6
38100
18
228600
その他
4
38100
17
9525
8
238125
17
228600
伝送ファイル
4
38100
18
9525
6
38100
18
228600
その他
4
19050
25
0
6
57150
25
228600
月次
4
19050
24
0
6
28575
24
238125
日次
17
9525
24
9525
18
238125
24
238125
週次
17
9525
24
238125
19
38100
25
228600
年次
4
19050
26
0
6
38100
26
228600
随時
17
9525
26
0
19
114300
26
228600
その他
4
38100
22
9525
6
38100
22
228600
有り
4
38100
21
9525
8
238125
21
228600
無し
20
19050
22
0
22
66675
22
238125
無し
23
266700
22
0
26
38100
22
238125
その他
20
19050
18
219075
26
28575
19
219075
階層構造（XML形式）
27
161925
18
228600
33
171450
19
228600
階層構造（JSON形式）

============================================================
FILE: A1_プロジェクト管理システム\030_アプリ設計\030_インタフェース設計\外部インタフェース設計書(I／Fファイル)_N21AA002／期間内プロジェクト一覧.xlsx
DRAWING: drawing3.xml
============================================================
9
123825
21
0
9
219075
23
219075
10
47625
22
28575
1
～複数

============================================================
FILE: A1_プロジェクト管理システム\030_アプリ設計\030_インタフェース設計\外部インタフェース設計書(I／Fファイル)_N21AA003／ユーザ別従事プロジェクト一覧.xlsx
DRAWING: drawing1.xml
============================================================
15
190500
1
219075
18
295275
5
38100
関係者外秘
PJ関係者限り
3
76200
8
142875
16
76200
19
152400
サンプルプロジェクト
外部インタフェース設計書
(I/F
ファイル
)
プロジェクト管理システム

============================================================
FILE: A1_プロジェクト管理システム\030_アプリ設計\030_インタフェース設計\外部インタフェース設計書(I／Fファイル)_N21AA003／ユーザ別従事プロジェクト一覧.xlsx
DRAWING: drawing2.xml
============================================================
4
57150
6
9525
8
152400
7
0
入力
8
171450
6
0
12
104775
6
238125
出力
27
161925
17
19050
34
171450
18
0
固定長（ﾌｨｰﾙﾄﾞｾﾊﾟﾚｰﾀあり）
20
19050
17
9525
26
28575
18
0
固定長(ﾌｨｰﾙﾄﾞｾﾊﾟﾚｰﾀなし)
20
19050
17
238125
26
28575
18
238125
可変長（ﾌｨｰﾙﾄﾞｾﾊﾟﾚｰﾀあり）
27
161925
17
228600
29
209550
18
200025
その他
20
19050
21
0
22
66675
21
238125
CR
23
266700
21
0
26
38100
21
238125
LF
27
171450
21
0
29
219075
21
238125
CR+LF
4
38100
17
9525
8
238125
17
228600
伝送ファイル
4
38100
18
9525
6
38100
18
228600
その他
4
38100
17
9525
8
238125
17
228600
伝送ファイル
4
38100
18
9525
6
38100
18
228600
その他
4
38100
17
9525
8
238125
17
228600
伝送ファイル
4
38100
18
9525
6
38100
18
228600
その他
4
38100
17
9525
8
238125
17
228600
伝送ファイル
4
38100
18
9525
6
38100
18
228600
その他
4
19050
25
0
6
57150
25
228600
月次
4
19050
24
0
6
28575
24
238125
日次
17
9525
24
9525
18
238125
24
238125
週次
17
9525
24
238125
19
38100
25
228600
年次
4
19050
26
0
6
38100
26
228600
随時
17
9525
26
0
19
114300
26
228600
その他
4
38100
22
9525
6
38100
22
228600
有り
4
38100
21
9525
8
238125
21
228600
無し
20
19050
22
0
22
66675
22
238125
無し
23
266700
22
0
26
38100
22
238125
その他
20
19050
18
219075
26
28575
19
219075
階層構造（XML形式）
27
161925
18
228600
33
171450
19
228600
階層構造（JSON形式）

============================================================
FILE: A1_プロジェクト管理システム\030_アプリ設計\030_インタフェース設計\外部インタフェース設計書(I／Fファイル)_N21AA003／ユーザ別従事プロジェクト一覧.xlsx
DRAWING: drawing3.xml
============================================================
9
123825
21
0
9
219075
23
219075
10
47625
22
28575
1
～複数

============================================================
FILE: A1_プロジェクト管理システム\030_アプリ設計\050_メッセージ設計\メッセージ設計書(バッチ)_A1_プロジェクト管理システム.xlsx
DRAWING: drawing1.xml
============================================================
15
381000
1
114300
18
266700
4
114300
関係者外秘
PJ関係者限り
3
76200
8
142875
16
76200
19
152400
サンプルプロジェクト
メッセージ設計書
プロジェクト管理システム

============================================================
FILE: A1_プロジェクト管理システム\030_アプリ設計\050_メッセージ設計\メッセージ設計書(画面)_A1_プロジェクト管理システム.xlsx
DRAWING: drawing1.xml
============================================================
15
381000
1
114300
18
266700
4
114300
関係者外秘
PJ関係者限り
3
76200
8
142875
16
76200
19
152400
サンプルプロジェクト
メッセージ設計書
プロジェクト管理システム

============================================================
FILE: A1_プロジェクト管理システム\030_アプリ設計\060_コード設計\コード設計書_サンプルプロジェクト.xlsx
DRAWING: drawing1.xml
============================================================
15
381000
1
114300
18
266700
4
114300
関係者外秘
PJ関係者限り
3
76200
8
142875
16
76200
19
152400
サンプルプロジェクト
コード設計書

============================================================
FILE: A1_プロジェクト管理システム\030_アプリ設計\070_データモデル設計\テーブル一覧_A1_プロジェクト管理システム.xlsx
DRAWING: drawing1.xml
============================================================
15
381000
1
114300
18
266700
4
114300
関係者外秘
PJ関係者限り
3
76200
8
142875
16
76200
19
152400
サンプルプロジェクト
テーブル一覧

============================================================
FILE: A1_プロジェクト管理システム\030_アプリ設計\070_データモデル設計\テーブル定義書_A1_プロジェクト管理システム.xlsx
DRAWING: drawing1.xml
============================================================
15
381000
1
114300
18
266700
4
114300
関係者外秘
PJ関係者限り
3
76200
8
142875
16
76200
19
152400
サンプルプロジェクト
テーブル定義書
プロジェクト管理システム

============================================================
FILE: A1_プロジェクト管理システム\030_アプリ設計\070_データモデル設計\ドメイン定義書_サンプルプロジェクト.xlsx
DRAWING: drawing1.xml
============================================================
15
371475
1
114300
18
257175
4
114300
関係者外秘
PJ関係者限り
3
76200
8
142875
16
76200
19
152400
サンプルプロジェクト
ドメイン定義書

============================================================
FILE: A1_プロジェクト管理システム\030_アプリ設計\070_データモデル設計\ドメイン定義書_サンプルプロジェクト.xlsx
DRAWING: drawing2.xml
============================================================
3
9525
55
38100
33
1387
82
111401
3
9525
101
38100
33
0
128
139976
13
155279
121
139694
25
18847
123
39669
13
264418
108
55383
24
251886
109
98234
8
258382
121
20317
13
118479
125
46213
ドメイン定義書
8
214256
107
107292
13
214144
111
139034
SI Object Browser ER
EDM
16
82819
113
7068
20
218625
117
32963
テーブル定義書
3
152141
114
72530
7
5655
117
76857
要件定義書
17
275447
121
84613
19
27601
123
89997
4
18
54383
107
133842
19
82762
109
139226
5
5
257747
111
83907
8
215635
112
74046
5
258171
119
44157
8
243297
120
41098
10
172657
112
13252
16
33228
120
112076
12
234807
114
24588
13
270007
116
29972
3
6
236961
111
15010
7
269779
113
20394
2
6
201243
118
75977
7
236442
120
81361
1
19
90016
110
40999
23
261465
111
69574
gsp-dba-maven-plugin
19
157519
123
89035
24
109894
125
3310
ドメインクラス作成ツール
20
37422
107
28630
21
245730
110
82410
20
65582
120
46437
21
273890
123
100217
25
56056
120
116247
27
172213
124
78833
Domain Class
25
17993
105
1655
27
131080
108
77749
Entity Class
25
20747
108
120374
27
138886
111
48446
DDL
25
14341
111
103174
27
104453
114
84127
DB
13
239736
75
7719
25
26987
76
29795
21
57694
60
137120
25
121897
62
15380
8
230519
59
113402
13
90099
63
139298
テーブル定義書
9
53480
73
119972
13
189802
78
2994
ドメイン定義書
16
5445
59
100088
21
7430
63
125983
SI Object Browser ER
EDM
13
135869
60
111528
15
254378
62
17972
14
66122
60
70926
15
105244
62
76310
3
21
212722
60
33191
22
254225
62
38575
5
12
38947
64
1772
12
216814
73
98486
11
252384
65
81352
13
14605
67
86736
2
7
4540
68
28595
12
58962
68
116541
12
24113
68
47828
12
151128
68
118402
3
98275
67
62492
6
228014
70
66818
要件定義書
6
144132
72
30400
9
124599
73
51829
7
81463
71
91080
8
116662
73
96464
1
21
91338
62
62798
25
262787
63
91373
gsp-dba-maven-plugin
23
23835
59
60728
24
234714
62
114508
18
110304
74
94764
19
138683
76
100148
4
19
268601
76
99186
24
220976
78
13461
ドメインクラス作成ツール
20
176664
73
56588
22
108747
76
110368
25
90297
74
4533
27
206454
77
109994
Domain Class
25
143347
57
26597
27
256434
60
102691
Entity Class
25
146101
61
2441
27
264240
63
73388
DDL
25
139695
63
128116
27
229807
66
109069
DB
3
266700
56
133350
9
190499
59
57150
テーブル定義のマスタ
3
228600
105
0
9
152399
107
66675
テーブル定義のマスタ
28
104775
68
38100
32
200154
82
16567
凡例
#
29
257175
70
85725
32
115010
72
17610
DB
29
257175
72
104775
32
115010
74
36660
成果物
29
257175
75
9525
32
115010
76
84285
手作業
29
257175
77
57150
32
115010
78
131910
自動生成
29
257175
79
104775
32
97041
81
49228
作業手順
28
95250
114
85725
32
190629
128
64192
凡例
#
29
247650
116
133350
32
105485
118
65235
DB
29
247650
119
9525
32
105485
120
84285
成果物
29
247650
121
57150
32
105485
122
131910
手作業
29
247650
123
104775
32
105485
125
36660
自動生成
29
247650
126
9525
32
87516
127
96853
作業手順

============================================================
FILE: A1_プロジェクト管理システム\030_アプリ設計\070_データモデル設計\ドメイン定義書_サンプルプロジェクト.xlsx
DRAWING: drawing3.xml
============================================================
37
57149
3
85724
64
85725
5
66674
左記で定義した各ドメイン項目に対して、対応する
バリデーション
ルールの紐付けを行う。

============================================================
FILE: A1_プロジェクト管理システム\030_アプリ設計\070_データモデル設計\採番一覧_A1_プロジェクト管理システム.xlsx
DRAWING: drawing1.xml
============================================================
15
381000
1
114300
18
266700
4
114300
関係者外秘
PJ関係者限り
3
76200
8
142875
16
76200
19
152400
サンプルプロジェクト
採番一覧
プロジェクト管理システム

============================================================
FILE: A1_プロジェクト管理システム\030_アプリ設計\070_データモデル設計\採番一覧_A1_プロジェクト管理システム.xlsx
DRAWING: drawing2.xml
============================================================
4
61912
8
57150
44
209550
12
114300
サンプルプロジェクトには採番は無し。
38
228600
24
57150

============================================================
FILE: A1_プロジェクト管理システム\030_アプリ設計\100_ジョブフロー設計\ネット・ジョブフロー_A1_プロジェクト管理.xlsx
DRAWING: drawing1.xml
============================================================
15
381000
1
114300
18
266700
4
114300
関係者外秘
PJ関係者限り
3
76200
8
142875
16
76200
19
152400
Nabarch
サンプル
ネット・ジョブフロー
プロジェクト管理

============================================================
FILE: A1_プロジェクト管理システム\030_アプリ設計\100_ジョブフロー設計\ネット・ジョブフロー_A1_プロジェクト管理.xlsx
DRAWING: drawing2.xml
============================================================
31
238125
32
123825
50
142875
49
85725
凡　　例
47
114300
39
117252
ジョブネット
42
247650
46
114300
45
209550
49
0
条件
47
114300
47
22002
条件分岐
32
238125
42
38100
34
28575
44
95250
35
133350
42
95250
結合子(SS内)
32
230685
42
123825
識別子
33
0
45
133350
34
38100
45
133350
35
133350
45
31527
ジョブの先行・後続関係
32
0
39
57150
35
38100
41
85725
ジョブネットID
ジョブネット名
33
47625
37
123825
34
0
39
66675
35
133350
39
133350
38
200025
41
57150
結合子(SS間)
47
114300
44
2952
ジョブ
33
0
47
85725
34
38100
47
85725
35
133350
46
139103
ジョブネットの先行・後続関係
23
180975
14
133350
23
180975
16
142875
7
152400
17
0
7
152400
28
142875
38
266700
17
0
38
266700
26
57150
23
171450
23
142875
23
171450
26
57150
7
152400
26
57150
38
257175
26
57150

============================================================
FILE: A1_プロジェクト管理システム\030_アプリ設計\110_テスト仕様書\単体テスト仕様書_リクエスト・取引単体(バッチ)_BA10601_期間内プロジェクト一覧出力バッチ.xlsx
DRAWING: drawing1.xml
============================================================
15
381000
1
114300
18
266700
4
114300
関係者外秘
PJ関係者限り
3
76200
8
142875
16
76200
19
152400
サンプルプロジェクト
単体テスト仕様書
(
リクエスト・取引単体（バッチ）
)
プロジェクト管理システム
/
プロジェクト管理
/
期間内プロジェクト一覧出力バッチ

============================================================
FILE: A1_プロジェクト管理システム\030_アプリ設計\110_テスト仕様書\単体テスト仕様書_リクエスト・取引単体(バッチ)_BA10602_プロジェクト一括登録バッチ.xlsx
DRAWING: drawing1.xml
============================================================
15
381000
1
114300
18
266700
4
114300
関係者外秘
PJ関係者限り
3
76200
8
142875
16
76200
19
152400
サンプルプロジェクト
単体テスト仕様書
(
リクエスト・取引単体（バッチ）
)
プロジェクト管理システム
/
プロジェクト管理
/
プロジェクト一括登録バッチ

============================================================
FILE: A1_プロジェクト管理システム\030_アプリ設計\110_テスト仕様書\単体テスト仕様書_リクエスト・取引単体(バッチ)_BA10603_ユーザ別従事プロジェクト抽出バッチ.xlsx
DRAWING: drawing1.xml
============================================================
15
381000
1
114300
18
266700
4
114300
関係者外秘
PJ関係者限り
3
76200
7
9525
16
76200
19
123825
サンプルプロジェクト
単体テスト仕様書
(
リクエスト・取引単体（バッチ）
)
プロジェクト管理システム
/
プロジェクト管理
/
ユーザ別従事プロジェクト抽出バッチ

============================================================
FILE: A1_プロジェクト管理システム\030_アプリ設計\110_テスト仕様書\単体テスト仕様書_リクエスト・取引単体(バッチ)_BA10701_業務日付更新バッチ.xlsx
DRAWING: drawing1.xml
============================================================
15
381000
1
114300
18
266700
4
114300
関係者外秘
PJ関係者限り
3
76200
8
142875
16
76200
19
152400
サンプルプロジェクト
単体テスト仕様書
(
リクエスト・取引単体（バッチ）
)
プロジェクト管理システム
/
業務日付更新
/
業務日付更新バッチ

============================================================
FILE: A1_プロジェクト管理システム\030_アプリ設計\110_テスト仕様書\単体テスト仕様書_リクエスト・取引単体(画面)_WA10101_ログイン.xlsx
DRAWING: drawing1.xml
============================================================
15
381000
1
114300
18
266700
4
114300
関係者外秘
PJ関係者限り
3
76200
8
142875
16
76200
19
152400
サンプルプロジェクト
取引単体テスト仕様書
(
画面
)
プロジェクト管理システム
/
セキュリティ
/
ログイン

============================================================
FILE: A1_プロジェクト管理システム\030_アプリ設計\110_テスト仕様書\単体テスト仕様書_リクエスト・取引単体(画面)_WA10102_ログアウト.xlsx
DRAWING: drawing1.xml
============================================================
15
381000
1
114300
18
266700
4
114300
関係者外秘
PJ関係者限り
3
76200
8
142875
16
76200
19
152400
サンプルプロジェクト
取引単体テスト仕様書
(
画面
)
プロジェクト管理システム
/
セキュリティ
/
ログアウト

============================================================
FILE: A1_プロジェクト管理システム\030_アプリ設計\110_テスト仕様書\単体テスト仕様書_リクエスト・取引単体(画面)_WA10102_ログアウト.xlsx
DRAWING: drawing2.xml
============================================================
2
581025
12
314325
8
1933575
28
66675
ログアウト機能に適合する観点がないため、ログアウト機能は取引単体テストのみでテストを行う。

============================================================
FILE: A1_プロジェクト管理システム\030_アプリ設計\110_テスト仕様書\単体テスト仕様書_リクエスト・取引単体(画面)_WA10103_TOPメニュー.xlsx
DRAWING: drawing1.xml
============================================================
15
381000
1
114300
18
266700
4
114300
関係者外秘
PJ関係者限り
3
76200
8
142875
16
76200
19
152400
サンプルプロジェクト
取引単体テスト仕様書
(
画面
)
プロジェクト管理システム
/TOP
メニュー

============================================================
FILE: A1_プロジェクト管理システム\030_アプリ設計\110_テスト仕様書\単体テスト仕様書_リクエスト・取引単体(画面)_WA10201_プロジェクト登録.xlsx
DRAWING: drawing1.xml
============================================================
15
381000
1
114300
18
266700
4
114300
関係者外秘
PJ関係者限り
3
76200
8
142875
16
76200
19
152400
サンプルプロジェクト
取引単体テスト仕様書
(
画面
)
プロジェクト管理システム
/
プロジェクト管理
/
プロジェクト登録

============================================================
FILE: A1_プロジェクト管理システム\030_アプリ設計\110_テスト仕様書\単体テスト仕様書_リクエスト・取引単体(画面)_WA10202_プロジェクト照会.xlsx
DRAWING: drawing1.xml
============================================================
15
381000
1
114300
18
266700
4
114300
関係者外秘
PJ関係者限り
3
76200
8
142875
16
76200
19
152400
サンプルプロジェクト
取引単体テスト仕様書
(
画面
)
プロジェクト管理システム
/
プロジェクト管理
/
プロジェクト照会

============================================================
FILE: A1_プロジェクト管理システム\030_アプリ設計\110_テスト仕様書\単体テスト仕様書_リクエスト・取引単体(画面)_WA10203_プロジェクト更新.xlsx
DRAWING: drawing1.xml
============================================================
15
381000
1
114300
18
266700
4
114300
関係者外秘
PJ関係者限り
3
76200
8
142875
16
76200
19
152400
サンプルプロジェクト
取引単体テスト仕様書
(
画面
)
プロジェクト管理システム
/
プロジェクト管理
/
プロジェクト更新

============================================================
FILE: A1_プロジェクト管理システム\030_アプリ設計\110_テスト仕様書\単体テスト仕様書_リクエスト・取引単体(画面)_WA10204_顧客選択.xlsx
DRAWING: drawing1.xml
============================================================
15
381000
1
114300
18
266700
4
114300
関係者外秘
PJ関係者限り
3
76200
8
142875
16
76200
19
152400
サンプルプロジェクト
取引単体テスト仕様書
(
画面
)
プロジェクト管理システム
/
プロジェクト管理
/
顧客選択

============================================================
FILE: A1_プロジェクト管理システム\030_アプリ設計\110_テスト仕様書\単体テスト仕様書_リクエスト・取引単体(画面)_WA10205_ユーザ別従事プロジェクト.xlsx
DRAWING: drawing1.xml
============================================================
15
381000
1
114300
18
266700
4
114300
関係者外秘
PJ関係者限り
3
76200
8
142875
16
76200
19
152400
サンプルプロジェクト
取引単体テスト仕様書
(
画面
)
プロジェクト管理システム
/
プロジェクト管理
/
ユーザ別従事プロジェクト

============================================================
FILE: A1_プロジェクト管理システム\030_アプリ設計\110_テスト仕様書\単体テスト仕様書_リクエスト・取引単体(画面)_WA10206_プロジェクトアップロード.xlsx
DRAWING: drawing1.xml
============================================================
15
381000
1
114300
18
266700
4
114300
関係者外秘
PJ関係者限り
3
76200
8
142875
16
76200
19
152400
サンプルプロジェクト
取引単体テスト仕様書
(
画面
)
プロジェクト管理システム
/
プロジェクト管理
/
プロジェクトアップロード

